1 52191U 22033AL  22105.74316200  .00007769  00000+0  36210-3 0  9994
2 52191  97.3980 188.3169 0011124 202.5813 157.4934 15.20104813  2147
1 52191U 22033AL  22105.94064254  .00008148  00000+0  37952-3 0  9991
2 52191  97.3980 188.5105 0011149 201.9107 158.1653 15.20109008  2175
1 52191U 22033AL  22106.46725593  .00006608  00000+0  30838-3 0  9994
2 52191  97.3979 189.0271 0011222 200.1731 159.9062 15.20116139  2254
1 52191U 22033AL  22106.86221410  .00006952  00000+0  32418-3 0  9995
2 52191  97.3977 189.4145 0011243 198.7306 161.3517 15.20123260  2311
1 52191U 22033AL  22107.19134491  .00007321  00000+0  34117-3 0  9993
2 52191  97.3977 189.7373 0011279 197.6539 162.4306 15.20128649  2361
1 52191U 22033AL  22107.78377801  .00007825  00000+0  36429-3 0  9999
2 52191  97.3975 190.3184 0011343 195.5384 164.5505 15.20137719  2456
1 52191U 22033AL  22108.17873129  .00007814  00000+0  36371-3 0  9991
2 52191  97.3974 190.7059 0011373 194.2257 165.8659 15.20143598  2511
1 52191U 22033AL  22108.50785772  .00008395  00000+0  39046-3 0  9991
2 52191  97.3973 191.0287 0011402 193.0423 167.0519 15.20149589  2562
1 52191U 22033AL  22108.77115801  .00008521  00000+0  39619-3 0  9997
2 52191  97.3973 191.2870 0011427 192.0796 168.0167 15.20154264  2602
1 52191U 22033AL  22109.49522949  .00008875  00000+0  41232-3 0  9998
2 52191  97.3971 191.9973 0011485 189.4449 170.6572 15.20167247  2716
1 52191U 22033AL  22110.48259039  .00008605  00000+0  39971-3 0  9994
2 52191  97.3968 192.9658 0011566 185.9189 174.1911 15.20183837  2860
1 52191U 22033AL  22110.81170851  .00008025  00000+0  37296-3 0  9999
2 52191  97.3967 193.2887 0011601 184.8582 175.2542 15.20188275  2911
1 52191U 22033AL  22111.46994104  .00009186  00000+0  42621-3 0  9993
2 52191  97.3964 193.9344 0011649 182.5046 177.6133 15.20200764  3017
1 52191U 22033AL  22111.79905521  .00009440  00000+0  43781-3 0  9995
2 52191  97.3963 194.2572 0011681 181.5479 178.5722 15.20206964  3065
1 52191U 22033AL  22112.19399081  .00009201  00000+0  42677-3 0  9996
2 52191  97.3963 194.6446 0011705 180.3012 179.8218 15.20213317  3127
1 52191U 22033AL  22112.45728015  .00009519  00000+0  44129-3 0  9994
2 52191  97.3964 194.9029 0011705 179.3311 180.7942 15.20218399  3162
1 52191U 22033AL  22113.51042752  .00010776  00000+0  49874-3 0  9998
2 52191  97.3965 195.9362 0011790 175.9120 184.2213 15.20240878  3323
1 52191U 22033AL  22114.49773835  .00010790  00000+0  49908-3 0  9993
2 52191  97.3968 196.9048 0011865 172.3882 187.7535 15.20262670  3472
1 52191U 22033AL  22115.22175742  .00009339  00000+0  43226-3 0  9992
2 52191  97.3969 197.6151 0011934 169.8045 190.3434 15.20277620  3586
1 52191U 22033AL  22115.48503525  .00009658  00000+0  44680-3 0  9993
2 52191  97.3969 197.8735 0011955 168.9640 191.1859 15.20283000  3624
1 52191U 22033AL  22115.81413131  .00008720  00000+0  40371-3 0  9995
2 52191  97.3969 198.1962 0011997 167.7753 192.3775 15.20289185  3673
1 52191U 22033AL  22116.47231886  .00008719  00000+0  40350-3 0  9998
2 52191  97.3969 198.8420 0012047 165.7146 194.4433 15.20302468  3775
1 52191U 22033AL  22116.80141029  .00010462  00000+0  48330-3 0  9998
2 52191  97.3968 199.1648 0012066 164.6082 195.5523 15.20311795  3829
1 52191U 22033AL  22117.19631871  .00009428  00000+0  43579-3 0  9990
2 52191  97.3969 199.5522 0012070 163.5161 196.6470 15.20318243  3880
1 52191U 22033AL  22117.78867671  .00013821  00000+0  63673-3 0  9993
2 52191  97.3970 200.1333 0012085 161.8063 198.3607 15.20335153  3979
1 52191U 22033AL  22118.44684506  .00014525  00000+0  66862-3 0  9996
2 52191  97.3970 200.7790 0012109 159.7288 200.4430 15.20352039  4077
1 52191U 22033AL  22119.17082014  .00015333  00000+0  70508-3 0  9993
2 52191  97.3972 201.4894 0012143 157.2602 202.9174 15.20374978  4183
1 52191U 22033AL  22119.49989645  .00013799  00000+0  63485-3 0  9994
2 52191  97.3971 201.8122 0012167 156.1963 203.9837 15.20382477  4230
1 52191U 22033AL  22119.76315579  .00013419  00000+0  61731-3 0  9994
2 52191  97.3972 202.0702 0012231 155.1486 205.0341 15.20390614  4278
1 52191U 22033AL  22120.48711323  .00012091  00000+0  55634-3 0  9992
2 52191  97.3973 202.7807 0012278 152.6289 207.5595 15.20408549  4383
1 52191U 22033AL  22120.75036810  .00012518  00000+0  57569-3 0  9996
2 52191  97.3972 203.0392 0012315 151.8165 208.3740 15.20416602  4426
1 52191U 22033AL  22121.47431431  .00010572  00000+0  48661-3 0  9995
2 52191  97.3970 203.7494 0012357 149.4722 210.7235 15.20431240  4535
1 52191U 22033AL  22121.80337858  .00009106  00000+0  41954-3 0  9999
2 52191  97.3968 204.0723 0012378 148.4922 211.7057 15.20436664  4588
1 52191U 22033AL  22122.46150324  .00008925  00000+0  41114-3 0  9999
2 52191  97.3965 204.7181 0012376 146.5405 213.6614 15.20448292  4684
1 52191U 22033AL  22122.79056423  .00007933  00000+0  36580-3 0  9999
2 52191  97.3965 205.0410 0012370 145.5733 214.6306 15.20452424  4737
1 52191U 22033AL  22124.17260667  .00010149  00000+0  46661-3 0  9994
2 52191  97.3962 206.3971 0012418 141.4013 218.8112 15.20478257  4945
1 52191U 22033AL  22124.50166061  .00008753  00000+0  40287-3 0  9990
2 52191  97.3962 206.7200 0012438 140.3796 219.8351 15.20482430  4991
1 52191U 22033AL  22125.22557496  .00015128  00000+0  69299-3 0  9994
2 52191  97.3960 207.4304 0012482 137.9681 222.2514 15.20505999  5105
1 52191U 22033AL  22125.48881504  .00011386  00000+0  52261-3 0  9995
2 52191  97.3960 207.6887 0012519 137.0829 223.1385 15.20505252  5141
1 52191U 22033AL  22126.21272230  .00012822  00000+0  58777-3 0  9991
2 52191  97.3958 208.3993 0012593 134.4923 225.7344 15.20519331  5250
1 52191U 22033AL  22126.47596002  .00012111  00000+0  55534-3 0  9994
2 52191  97.3958 208.6575 0012625 133.7241 226.5042 15.20522089  5292
1 52191U 22033AL  22127.19985945  .00010345  00000+0  47480-3 0  9990
2 52191  97.3957 209.3679 0012638 131.5328 228.6993 15.20530831  5405
1 52191U 22033AL  22127.46309383  .00010969  00000+0  50314-3 0  9998
2 52191  97.3957 209.6262 0012645 130.7410 229.4925 15.20536327  5441
1 52191U 22033AL  22128.18698801  .00009702  00000+0  44535-3 0  9995
2 52191  97.3957 210.3366 0012633 128.5718 231.6651 15.20543522  5556
1 52191U 22033AL  22128.77925975  .00009132  00000+0  41932-3 0  9990
2 52191  97.3958 210.9178 0012652 126.7930 233.4468 15.20552221  5643
1 52191U 22033AL  22129.50314395  .00008035  00000+0  36928-3 0  9990
2 52191  97.3960 211.6282 0012691 124.4487 235.7949 15.20560980  5757
1 52191U 22033AL  22129.76637278  .00007932  00000+0  36453-3 0  9994
2 52191  97.3959 211.8865 0012712 123.5320 236.7132 15.20565496  5790
1 52191U 22033AL  22130.49024866  .00006883  00000+0  31667-3 0  9995
2 52191  97.3962 212.5968 0012754 121.2195 239.0292 15.20575506  5906
1 52191U 22033AL  22131.21411957  .00006144  00000+0  28297-3 0  9992
2 52191  97.3962 213.3073 0012768 119.0063 241.2454 15.20585217  6014
1 52191U 22033AL  22131.47734421  .00006100  00000+0  28094-3 0  9991
2 52191  97.3963 213.5656 0012781 118.2199 242.0328 15.20588679  6058
1 52191U 22033AL  22131.80637396  .00006643  00000+0  30557-3 0  9990
2 52191  97.3963 213.8886 0012776 117.2693 242.9846 15.20594194  6107
1 52191U 22033AL  22132.53023584  .00008048  00000+0  36934-3 0  9995
2 52191  97.3964 214.5990 0012781 114.9918 245.2646 15.20606601  6215
1 52191U 22033AL  22133.45150576  .00009118  00000+0  41777-3 0  9999
2 52191  97.3966 215.5031 0012781 112.1485 248.1108 15.20623312  6351
1 52191U 22033AL  22134.17535338  .00009729  00000+0  44537-3 0  9997
2 52191  97.3967 216.2136 0012769 109.8485 250.4128 15.20637489  6465
1 52191U 22033AL  22134.76758691  .00010385  00000+0  47496-3 0  9998
2 52191  97.3968 216.7948 0012791 107.9633 252.2997 15.20650279  6557
1 52191U 22033AL  22135.22820894  .00011285  00000+0  51560-3 0  9992
2 52191  97.3969 217.2470 0012803 106.4435 253.8209 15.20662021  6621
1 52191U 22033AL  22135.49141993  .00012377  00000+0  56496-3 0  9993
2 52191  97.3970 217.5054 0012815 105.6303 254.6347 15.20669769  6664
1 52191U 22033AL  22135.75463017  .00012175  00000+0  55575-3 0  9999
2 52191  97.3970 217.7637 0012841 104.9388 255.3270 15.20675420  6706
1 52191U 22033AL  22136.47845272  .00011567  00000+0  52793-3 0  9999
2 52191  97.3968 218.4742 0012843 102.6661 257.6011 15.20690736  6816
1 52191U 22033AL  22137.46547082  .00012463  00000+0  56817-3 0  9994
2 52191  97.3963 219.4430 0012774  99.7376 260.5302 15.20713837  6968
1 52191U 22033AL  22138.18927373  .00013734  00000+0  62530-3 0  9990
2 52191  97.3960 220.1536 0012732  97.5306 262.7376 15.20733818  7073
1 52191U 22033AL  22138.64987167  .00012805  00000+0  58317-3 0  9994
2 52191  97.3959 220.6057 0012680  96.2042 264.0638 15.20743348  7142
1 52191U 22033AL  22139.17626404  .00014157  00000+0  64400-3 0  9999
2 52191  97.3958 221.1227 0012653  94.5438 265.7243 15.20759006  7223
1 52191U 22033AL  22139.63685346  .00015672  00000+0  71213-3 0  9993
2 52191  97.3957 221.5749 0012642  93.1057 267.1625 15.20772925  7297
1 52191U 22033AL  22140.49222393  .00013813  00000+0  62782-3 0  9994
2 52191  97.3955 222.4147 0012644  90.5694 269.6990 15.20793618  7426
1 52191U 22033AL  22141.21598757  .00015173  00000+0  68873-3 0  9993
2 52191  97.3952 223.1250 0012633  88.1924 272.0759 15.20816947  7537
1 52191U 22033AL  22141.80815067  .00014460  00000+0  65628-3 0  9997
2 52191  97.3953 223.7067 0012599  86.2334 274.0342 15.20832928  7622
1 52191U 22033AL  22142.46610313  .00013252  00000+0  60156-3 0  9996
2 52191  97.3955 224.3527 0012524  84.3093 275.9571 15.20848210  7727
1 52191U 22033AL  22142.79507569  .00015182  00000+0  68831-3 0  9992
2 52191  97.3953 224.6757 0012517  83.2598 277.0062 15.20860376  7773
1 52191U 22033AL  22143.18984113  .00012495  00000+0  56710-3 0  9997
2 52191  97.3953 225.0633 0012505  81.9333 278.3320 15.20867909  7837
1 52191U 22033AL  22143.78198415  .00012034  00000+0  54610-3 0  9991
2 52191  97.3955 225.6447 0012435  80.1151 280.1488 15.20882284  7928
1 52191U 22033AL  22144.50570747  .00011432  00000+0  51875-3 0  9995
2 52191  97.3955 226.3554 0012450  77.8221 282.4408 15.20898334  8036
1 52191U 22033AL  22144.76887739  .00011240  00000+0  51002-3 0  9994
2 52191  97.3956 226.6139 0012461  76.9565 283.3060 15.20905074  8070
1 52191U 22033AL  22145.16363073  .00010110  00000+0  45902-3 0  9996
2 52191  97.3958 227.0015 0012460  75.6784 284.5834 15.20912653  8138
1 52191U 22033AL  22145.22942251  .00010447  00000+0  47416-3 0  9999
2 52191  97.3959 227.0660 0012467  75.3635 284.8982 15.20914920  8141
1 52191U 22033AL  22145.75575617  .00010622  00000+0  48185-3 0  9994
2 52191  97.3961 227.5826 0012479  73.7114 286.5493 15.20926528  8222
1 52191U 22033AL  22146.21629463  .00010038  00000+0  45545-3 0  9993
2 52191  97.3963 228.0347 0012388  72.2833 287.9754 15.20935996  8290
1 52191U 22033AL  22146.47945885  .00008764  00000+0  39808-3 0  9998
2 52191  97.3964 228.2930 0012398  71.2826 288.9754 15.20938805  8331
1 52191U 22033AL  22147.53210689  .00008044  00000+0  36550-3 0  9995
2 52191  97.3966 229.3264 0012291  67.9743 292.2797 15.20956341  8494
1 52191U 22033AL  22147.79526710  .00008056  00000+0  36597-3 0  9992
2 52191  97.3966 229.5847 0012282  67.1638 293.0894 15.20960720  8536
1 52191U 22033AL  22148.45316336  .00010137  00000+0  45941-3 0  9993
2 52191  97.3967 230.2309 0012261  65.0232 295.2275 15.20975341  8636
1 52191U 22033AL  22148.78210926  .00010159  00000+0  46031-3 0  9992
2 52191  97.3968 230.5538 0012223  63.9935 296.2558 15.20981851  8682
1 52191U 22033AL  22149.50578643  .00008380  00000+0  38022-3 0  9990
2 52191  97.3968 231.2644 0012186  61.7724 298.4741 15.20992463  8799
1 52191U 22033AL  22149.76894006  .00008033  00000+0  36459-3 0  9999
2 52191  97.3967 231.5228 0012188  60.9641 299.2814 15.20997165  8839
1 52191U 22033AL  22150.16366910  .00007633  00000+0  34653-3 0  9992
2 52191  97.3967 231.9104 0012162  59.7436 300.5002 15.21003609  8899
1 52191U 22033AL  22150.49260892  .00006690  00000+0  30410-3 0  9999
2 52191  97.3967 232.2335 0012150  58.8186 301.4239 15.21007505  8945
1 52191U 22033AL  22150.95312317  .00005737  00000+0  26121-3 0  9995
2 52191  97.3966 232.6857 0012121  57.3527 302.8877 15.21012834  9011
1 52191U 22033AL  22152.20308167  .00005266  00000+0  23993-3 0  9994
2 52191  97.3963 233.9132 0012012  53.3302 306.9036 15.21028264  9201
1 52191U 22033AL  22152.66358991  .00005335  00000+0  24300-3 0  9994
2 52191  97.3963 234.3655 0011967  51.7672 308.4639 15.21033356  9277
1 52191U 22033AL  22153.45302952  .00004899  00000+0  22337-3 0  9990
2 52191  97.3961 235.1408 0011906  49.2750 310.9517 15.21040726  9397
1 52191U 22033AL  22153.65038879  .00004915  00000+0  22409-3 0  9995
2 52191  97.3961 235.3346 0011893  48.6407 311.5850 15.21042846  9423
1 52191U 22033AL  22154.17667883  .00004825  00000+0  22003-3 0  9996
2 52191  97.3960 235.8515 0011846  46.9800 313.2426 15.21048031  9500
1 52191U 22033AL  22154.63718113  .00004827  00000+0  22009-3 0  9998
2 52191  97.3959 236.3037 0011804  45.5407 314.6792 15.21052550  9574
1 52191U 22033AL  22155.49239626  .00004611  00000+0  21031-3 0  9995
2 52191  97.3958 237.1437 0011740  42.7741 317.4406 15.21060373  9705
1 52191U 22033AL  22155.62396741  .00004566  00000+0  20831-3 0  9998
2 52191  97.3958 237.2729 0011721  42.3397 317.8741 15.21061612  9727
1 52191U 22033AL  22155.95289490  .00004455  00000+0  20329-3 0  9995
2 52191  97.3958 237.5960 0011701  41.2413 318.9704 15.21064384  9777
1 52191U 22033AL  22156.47917760  .00004193  00000+0  19151-3 0  9991
2 52191  97.3958 238.1128 0011654  39.5167 320.6917 15.21068661  9850
1 52191U 22033AL  22157.20281380  .00003979  00000+0  18186-3 0  9993
2 52191  97.3957 238.8235 0011595  37.1511 323.0525 15.21074550  9964
1 52191U 22033AL  22157.46595344  .00004419  00000+0  20163-3 0  9997
2 52191  97.3958 239.0820 0011571  36.3053 323.8965 15.21077780 10005
1 52191U 22033AL  22157.66330802  .00004464  00000+0  20362-3 0  9996
2 52191  97.3958 239.2758 0011551  35.6808 324.5198 15.21079573 10036
1 52191U 22033AL  22158.18958540  .00004574  00000+0  20852-3 0  9995
2 52191  97.3958 239.7927 0011504  33.9675 326.2295 15.21084424 10117
1 52191U 22033AL  22158.65007671  .00004745  00000+0  21620-3 0  9991
2 52191  97.3959 240.2449 0011459  32.4976 327.6963 15.21089038 10181
1 52191U 22033AL  22159.50527005  .00005341  00000+0  24287-3 0  9999
2 52191  97.3960 241.0848 0011369  29.6459 330.5418 15.21099269 10319
1 52191U 22033AL  22159.70262163  .00005241  00000+0  23837-3 0  9991
2 52191  97.3960 241.2786 0011339  28.9533 331.2330 15.21101292 10348
1 52191U 22033AL  22160.16310750  .00005231  00000+0  23790-3 0  9996
2 52191  97.3961 241.7308 0011300  27.4263 332.7567 15.21106699 10418
1 52191U 22033AL  22160.95250812  .00004922  00000+0  22396-3 0  9992
2 52191  97.3963 242.5061 0011226  24.7649 335.4123 15.21115087 10532
1 52191U 22033AL  22161.47877297  .00004801  00000+0  21853-3 0  9995
2 52191  97.3964 243.0230 0011183  22.9779 337.1955 15.21120305 10613
1 52191U 22033AL  22161.80768747  .00005030  00000+0  22878-3 0  9994
2 52191  97.3965 243.3460 0011152  21.8326 338.3382 15.21124315 10661
1 52191U 22033AL  22162.20238426  .00004805  00000+0  21867-3 0  9991
2 52191  97.3965 243.7337 0011118  20.4705 339.6974 15.21127717 10723
1 52191U 22033AL  22162.86020949  .00005417  00000+0  24606-3 0  9996
2 52191  97.3966 244.3798 0011058  18.2571 341.9059 15.21135443 10827
1 52191U 22033AL  22163.51803173  .00006028  00000+0  27337-3 0  9990
2 52191  97.3967 245.0259 0010995  15.9775 344.1806 15.21143282 10923
1 52191U 22033AL  22163.78115959  .00006180  00000+0  28017-3 0  9992
2 52191  97.3967 245.2843 0010967  15.0549 345.1011 15.21146617 10961
1 52191U 22033AL  22164.50475708  .00007861  00000+0  35531-3 0  9990
2 52191  97.3968 245.9950 0010895  12.5537 347.5968 15.21159339 11072
1 52191U 22033AL  22165.22834950  .00007716  00000+0  34871-3 0  9993
2 52191  97.3968 246.7057 0010818  10.0282 350.1168 15.21170010 11187
1 52191U 22033AL  22165.49147260  .00007915  00000+0  35761-3 0  9993
2 52191  97.3968 246.9642 0010793   9.1569 350.9861 15.21174364 11227
1 52191U 22033AL  22165.68881447  .00007959  00000+0  35953-3 0  9997
2 52191  97.3968 247.1580 0010774   8.4759 351.6657 15.21177740 11258
1 52191U 22033AL  22166.47817755  .00008395  00000+0  37887-3 0  9999
2 52191  97.3966 247.9335 0010702   5.6786 354.4569 15.21190746 11379
1 52191U 22033AL  22166.93863623  .00009250  00000+0  41702-3 0  9997
2 52191  97.3965 248.3858 0010657   4.0134 356.1185 15.21199298 11444
1 52191U 22033AL  22170.49067339  .00007833  00000+0  35313-3 0  9999
2 52191  97.3959 251.8756 0010308 351.0335   9.0715 15.21254367 11985
1 52191U 22033AL  22170.75378179  .00007310  00000+0  32977-3 0  9998
2 52191  97.3959 252.1341 0010285 350.0781  10.0250 15.21258169 12023
1 52191U 22033AL  22171.47732668  .00006862  00000+0  30967-3 0  9993
2 52191  97.3958 252.8449 0010216 347.4008  12.6971 15.21268610 12136
1 52191U 22033AL  22171.67465622  .00006640  00000+0  29974-3 0  9998
2 52191  97.3958 253.0388 0010201 346.6524  13.4440 15.21271469 12168
1 52191U 22033AL  22172.46397073  .00006632  00000+0  29930-3 0  9993
2 52191  97.3958 253.8142 0010130 343.6328  16.4579 15.21282645 12281
1 52191U 22033AL  22173.18750427  .00006960  00000+0  31383-3 0  9998
2 52191  97.3959 254.5250 0010085 340.7818  19.3036 15.21293119 12391
1 52191U 22033AL  22173.45060614  .00007130  00000+0  32136-3 0  9997
2 52191  97.3960 254.7834 0010054 339.8209  20.2628 15.21296928 12436
1 52191U 22033AL  22173.77948251  .00007308  00000+0  32928-3 0  9990
2 52191  97.3961 255.1065 0010027 338.5733  21.5081 15.21302063 12486
1 52191U 22033AL  22174.50300718  .00006760  00000+0  30477-3 0  9990
2 52191  97.3963 255.8172 0009963 335.8358  24.2409 15.21311406 12591
1 52191U 22033AL  22175.48962438  .00005064  00000+0  22904-3 0  9993
2 52191  97.3966 256.7865 0009871 332.1513  27.9193 15.21322455 12747
1 52191U 22033AL  22175.75272130  .00004914  00000+0  22233-3 0  9994
2 52191  97.3966 257.0449 0009859 331.0397  29.0290 15.21324722 12787
1 52191U 22033AL  22176.47623472  .00005107  00000+0  23088-3 0  9997
2 52191  97.3967 257.7557 0009817 328.2650  31.7993 15.21333410 12895
1 52191U 22033AL  22176.73932971  .00005076  00000+0  22952-3 0  9997
2 52191  97.3967 258.0142 0009798 327.2363  32.8264 15.21336343 12933
1 52191U 22033AL  22177.19974395  .00006804  00000+0  30642-3 0  9999
2 52191  97.3968 258.4665 0009764 325.4597  34.6003 15.21345270 13009
1 52191U 22033AL  22177.46283754  .00005888  00000+0  26560-3 0  9996
2 52191  97.3968 258.7250 0009743 324.4318  35.6267 15.21346137 13049
1 52191U 22033AL  22177.79170321  .00006197  00000+0  27933-3 0  9996
2 52191  97.3969 259.0481 0009719 323.1386  36.9181 15.21350962 13099
1 52191U 22033AL  22178.44943223  .00006169  00000+0  27804-3 0  9994
2 52191  97.3968 259.6943 0009663 320.5794  39.4737 15.21358968 13199
1 52191U 22033AL  22178.77829553  .00005607  00000+0  25300-3 0  9994
2 52191  97.3969 260.0175 0009651 319.2176  40.8336 15.21362033 13244
1 52191U 22033AL  22179.17293087  .00004571  00000+0  20684-3 0  9995
2 52191  97.3969 260.4052 0009619 317.6372  42.4120 15.21364461 13309
1 52191U 22033AL  22179.76488163  .00004266  00000+0  19319-3 0  9995
2 52191  97.3968 260.9868 0009578 315.2591  44.7872 15.21370259 13399
1 52191U 22033AL  22180.48837453  .00003601  00000+0  16354-3 0  9994
2 52191  97.3967 261.6977 0009533 312.3735  47.6693 15.21375694 13500
1 52191U 22033AL  22180.75146232  .00003447  00000+0  15668-3 0  9997
2 52191  97.3967 261.9562 0009528 311.2741  48.7674 15.21377311 13545
1 52191U 22033AL  22181.21186524  .00002875  00000+0  13120-3 0  9992
2 52191  97.3966 262.4087 0009504 309.4197  50.6196 15.21379681 13611
1 52191U 22033AL  22181.40918054  .00002802  00000+0  12793-3 0  9999
2 52191  97.3966 262.6026 0009494 308.6350  51.4036 15.21380925 13644
1 52191U 22033AL  22181.73803904  .00002777  00000+0  12682-3 0  9990
2 52191  97.3966 262.9257 0009476 307.3688  52.6684 15.21383231 13693
1 52191U 22033AL  22182.46152645  .00002843  00000+0  12974-3 0  9998
2 52191  97.3965 263.6367 0009436 304.4381  55.5962 15.21387822 13800
1 52191U 22033AL  22182.85615513  .00003011  00000+0  13724-3 0  9991
2 52191  97.3964 264.0245 0009423 302.8865  57.1463 15.21390508 13869
1 52191U 22033AL  22183.51386700  .00004179  00000+0  18921-3 0  9998
2 52191  97.3963 264.6708 0009378 300.1755  59.8551 15.21397925 13964
1 52191U 22033AL  22183.90849301  .00004231  00000+0  19149-3 0  9994
2 52191  97.3961 265.0586 0009368 298.5623  61.4670 15.21401106 14020
1 52191U 22033AL  22184.50043018  .00004295  00000+0  19431-3 0  9996
2 52191  97.3960 265.6402 0009345 296.0297  63.9976 15.21406340 14118
1 52191U 22033AL  22184.76351258  .00004256  00000+0  19257-3 0  9995
2 52191  97.3960 265.8987 0009342 294.9311  65.0954 15.21408819 14155
1 52191U 22033AL  22185.22390541  .00004593  00000+0  20753-3 0  9992
2 52191  97.3958 266.3510 0009337 293.0027  67.0224 15.21414340 14224
1 52191U 22033AL  22185.48698642  .00004728  00000+0  21352-3 0  9999
2 52191  97.3958 266.6096 0009333 291.9391  68.0852 15.21417375 14266
1 52191U 22033AL  22185.88160730  .00004317  00000+0  19521-3 0  9994
2 52191  97.3958 266.9974 0009327 290.3689  69.6545 15.21420463 14325
1 52191U 22033AL  22186.47353696  .00004127  00000+0  18672-3 0  9990
2 52191  97.3957 267.5790 0009306 287.9789  72.0432 15.21425829 14411
1 52191U 22033AL  22186.80238610  .00004525  00000+0  20441-3 0  9994
2 52191  97.3958 267.9021 0009307 286.6711  73.3503 15.21429479 14468
1 52191U 22033AL  22187.46008244  .00004612  00000+0  20825-3 0  9998
2 52191  97.3958 268.5484 0009292 283.9756  76.0446 15.21435268 14560
1 52191U 22033AL  22187.78892970  .00004759  00000+0  21474-3 0  9993
2 52191  97.3958 268.8715 0009279 282.6505  77.3693 15.21438450 14613
1 52191U 22033AL  22188.51239168  .00004849  00000+0  21873-3 0  9992
2 52191  97.3958 269.5824 0009270 279.6504  80.3684 15.21444579 14723
1 52191U 22033AL  22188.77546732  .00005970  00000+0  26851-3 0  9995
2 52191  97.3958 269.8408 0009272 278.5911  81.4274 15.21449910 14761
1 52191U 22033AL  22189.17007984  .00005872  00000+0  26411-3 0  9994
2 52191  97.3958 270.2285 0009277 276.9677  83.0504 15.21453945 14820
1 52191U 22033AL  22189.49892232  .00006694  00000+0  30057-3 0  9991
2 52191  97.3958 270.5516 0009274 275.4775  84.5403 15.21459359 14874
1 52191U 22033AL  22189.76199532  .00006538  00000+0  29362-3 0  9998
2 52191  97.3959 270.8100 0009276 274.4039  85.6137 15.21463192 14912
1 52191U 22033AL  22190.22237183  .00005963  00000+0  26803-3 0  9994
2 52191  97.3960 271.2624 0009275 272.5329  87.4845 15.21469075 14989
1 52191U 22033AL  22190.48544289  .00005741  00000+0  25814-3 0  9995
2 52191  97.3962 271.5208 0009259 271.4065  88.6110 15.21473981 15024
1 52191U 22033AL  22190.68274600  .00005132  00000+0  23108-3 0  9992
2 52191  97.3963 271.7148 0009265 270.5818  89.4356 15.21476220 15056
1 52191U 22033AL  22191.47195572  .00004756  00000+0  21434-3 0  9991
2 52191  97.3965 272.4903 0009288 267.3812  92.6361 15.21485031 15173
1 52191U 22033AL  22191.73502466  .00005364  00000+0  24130-3 0  9996
2 52191  97.3965 272.7487 0009298 266.3263  93.6910 15.21488998 15214
1 52191U 22033AL  22191.93232616  .00005774  00000+0  25946-3 0  9996
2 52191  97.3966 272.9427 0009321 265.5708  94.4463 15.21491607 15249
1 52191U 22033AL  22192.78729549  .00006799  00000+0  30486-3 0  9999
2 52191  97.3967 273.7828 0009342 262.1303  97.8873 15.21503016 15375
1 52191U 22033AL  22192.91882850  .00007144  00000+0  32012-3 0  9991
2 52191  97.3967 273.9121 0009347 261.5885  98.4292 15.21505337 15398
1 52191U 22033AL  22193.77378865  .00009392  00000+0  41953-3 0  9993
2 52191  97.3967 274.7523 0009380 258.1832 101.8352 15.21522014 15526
1 52191U 22033AL  22194.16838304  .00008700  00000+0  38885-3 0  9998
2 52191  97.3967 275.1400 0009400 256.5612 103.4576 15.21526917 15584
1 52191U 22033AL  22194.49721022  .00008398  00000+0  37540-3 0  9992
2 52191  97.3968 275.4633 0009402 255.2448 104.7747 15.21532224 15639
1 52191U 22033AL  22194.69450590  .00008215  00000+0  36725-3 0  9995
2 52191  97.3968 275.6572 0009404 254.4676 105.5522 15.21535740 15668
1 52191U 22033AL  22195.48368470  .00006744  00000+0  30200-3 0  9995
2 52191  97.3966 276.4328 0009439 251.1565 108.8647 15.21546505 15781
1 52191U 22033AL  22195.74674311  .00006720  00000+0  30093-3 0  9992
2 52191  97.3966 276.6913 0009453 250.1106 109.9112 15.21550514 15828
1 52191U 22033AL  22196.47015039  .00006911  00000+0  30926-3 0  9996
2 52191  97.3963 277.4024 0009492 247.2409 112.7824 15.21560985 15930
1 52191U 22033AL  22196.73320653  .00006808  00000+0  30470-3 0  9995
2 52191  97.3962 277.6610 0009513 246.1986 113.8253 15.21564584 15975
1 52191U 22033AL  22197.19355269  .00008008  00000+0  35769-3 0  9997
2 52191  97.3960 278.1135 0009548 244.4686 115.5563 15.21573116 16040
1 52191U 22033AL  22197.78542308  .00008140  00000+0  36342-3 0  9999
2 52191  97.3959 278.6952 0009588 242.1167 117.9099 15.21582674 16132
1 52191U 22033AL  22198.50881459  .00008654  00000+0  38599-3 0  9999
2 52191  97.3958 279.4062 0009632 239.3557 120.6730 15.21595711 16244
1 52191U 22033AL  22198.77186465  .00008253  00000+0  36822-3 0  9995
2 52191  97.3957 279.6648 0009645 238.3086 121.7210 15.21599847 16288
1 52191U 22033AL  22199.16643816  .00007924  00000+0  35364-3 0  9991
2 52191  97.3955 280.0526 0009669 236.7804 123.2506 15.21606270 16344
1 52191U 22033AL  22199.49524829  .00008160  00000+0  36397-3 0  9999
2 52191  97.3956 280.3757 0009679 235.4650 124.5673 15.21612056 16393
1 52191U 22033AL  22199.75829556  .00007962  00000+0  35518-3 0  9996
2 52191  97.3955 280.6343 0009691 234.3990 125.6344 15.21616274 16433
1 52191U 22033AL  22200.48167092  .00009492  00000+0  42261-3 0  9992
2 52191  97.3954 281.3452 0009733 231.5575 128.4788 15.21631135 16544
1 52191U 22033AL  22200.74471499  .00009318  00000+0  41485-3 0  9994
2 52191  97.3954 281.6038 0009758 230.5362 129.5011 15.21635714 16589
1 52191U 22033AL  22201.46808130  .00008884  00000+0  39552-3 0  9999
2 52191  97.3953 282.3147 0009814 227.7508 132.2896 15.21648809 16693
1 52191U 22033AL  22201.66536190  .00008759  00000+0  38998-3 0  9999
2 52191  97.3953 282.5086 0009829 227.0148 133.0265 15.21652702 16726
1 52191U 22033AL  22202.45448061  .00007619  00000+0  33953-3 0  9996
2 52191  97.3953 283.2841 0009899 224.0471 135.9977 15.21664519 16849
1 52191U 22033AL  22203.04631534  .00008800  00000+0  39149-3 0  9997
2 52191  97.3954 283.8657 0009948 221.8425 138.2051 15.21675673 16932
1 52191U 22033AL  22203.50662857  .00008741  00000+0  38883-3 0  9998
2 52191  97.3956 284.3181 0009987 220.1347 139.9152 15.21683088 17008
1 52191U 22033AL  22204.22997343  .00007696  00000+0  34262-3 0  9994
2 52191  97.3958 285.0290 0010050 217.4015 142.6523 15.21693807 17118
1 52191U 22033AL  22204.49300646  .00007986  00000+0  35538-3 0  9996
2 52191  97.3959 285.2874 0010070 216.3859 143.6693 15.21698597 17159
1 52191U 22033AL  22204.75603893  .00007545  00000+0  33588-3 0  9999
2 52191  97.3960 285.5459 0010093 215.3576 144.6992 15.21702335 17196
1 52191U 22033AL  22205.47937524  .00005817  00000+0  25966-3 0  9991
2 52191  97.3961 286.2569 0010151 212.6970 147.3639 15.21710052 17306
1 52191U 22033AL  22205.74240580  .00005324  00000+0  23790-3 0  9996
2 52191  97.3961 286.5154 0010180 211.7276 148.3348 15.21712715 17340
1 52191U 22033AL  22206.53149513  .00005316  00000+0  23749-3 0  9993
2 52191  97.3962 287.2910 0010247 208.9442 151.1227 15.21720624 17465
1 52191U 22033AL  22206.66300962  .00005298  00000+0  23671-3 0  9997
2 52191  97.3962 287.4203 0010259 208.4694 151.5983 15.21722063 17483
1 52191U 22033AL  22207.45209380  .00005760  00000+0  25696-3 0  9990
2 52191  97.3963 288.1959 0010330 205.5334 154.5393 15.21730959 17604
1 52191U 22033AL  22207.71512181  .00004783  00000+0  21395-3 0  9991
2 52191  97.3963 288.4545 0010357 204.5770 155.4974 15.21731097 17643
1 52191U 22033AL  22207.78087863  .00004706  00000+0  21052-3 0  9997
2 52191  97.3963 288.5191 0010365 204.3298 155.7450 15.21731525 17652
1 52191U 22033AL  22208.50420166  .00004659  00000+0  20843-3 0  9999
2 52191  97.3963 289.2302 0010439 201.6187 158.4609 15.21738179 17763
1 52191U 22033AL  22208.76722741  .00004454  00000+0  19939-3 0  9998
2 52191  97.3962 289.4887 0010467 200.6852 159.3962 15.21740248 17808
1 52191U 22033AL  22209.49054596  .00004504  00000+0  20155-3 0  9993
2 52191  97.3961 290.1998 0010553 198.1376 161.9485 15.21747163 17911
1 52191U 22033AL  22209.88508210  .00004204  00000+0  18828-3 0  9994
2 52191  97.3960 290.5876 0010587 196.7766 163.3121 15.21750217 17976
1 52191U 22033AL  22210.47688510  .00003714  00000+0  16669-3 0  9999
2 52191  97.3960 291.1694 0010648 194.6891 165.4037 15.21754214 18066
1 52191U 22033AL  22210.67415240  .00003670  00000+0  16476-3 0  9996
2 52191  97.3960 291.3633 0010664 193.9726 166.1217 15.21755812 18094
1 52191U 22033AL  22210.93717508  .00003771  00000+0  16920-3 0  9993
2 52191  97.3959 291.6219 0010683 193.0219 167.0743 15.21758052 18132
1 52191U 22033AL  22211.46321981  .00003525  00000+0  15833-3 0  9997
2 52191  97.3958 292.1390 0010737 191.1080 168.9920 15.21761383 18219
1 52191U 22033AL  22211.85775254  .00003560  00000+0  15985-3 0  9993
2 52191  97.3957 292.5269 0010769 189.6710 170.4321 15.21764213 18278
1 52191U 22033AL  22212.18652940  .00003355  00000+0  15084-3 0  9998
2 52191  97.3956 292.8501 0010806 188.4783 171.6272 15.21765916 18323
1 52191U 22033AL  22212.51530580  .00003391  00000+0  15242-3 0  9996
2 52191  97.3955 293.1733 0010844 187.2836 172.8244 15.21768070 18372
1 52191U 22033AL  22213.50163169  .00003589  00000+0  16106-3 0  9990
2 52191  97.3952 294.1429 0010951 183.8809 176.2344 15.21775201 18523
1 52191U 22033AL  22213.69889636  .00003509  00000+0  15756-3 0  9996
2 52191  97.3951 294.3367 0010976 183.2157 176.9011 15.21776488 18551
1 52191U 22033AL  22214.48795264  .00003760  00000+0  16856-3 0  9998
2 52191  97.3949 295.1122 0011040 180.5753 179.5473 15.21783089 18670
1 52191U 22033AL  22215.21125168  .00003619  00000+0  16235-3 0  9994
2 52191  97.3947 295.8233 0011117 178.0767 182.0514 15.21788318 18787
1 52191U 22033AL  22215.47426892  .00003678  00000+0  16490-3 0  9998
2 52191  97.3947 296.0818 0011145 177.1485 182.9816 15.21790347 18821
1 52191U 22033AL  22215.67153162  .00003692  00000+0  16551-3 0  9991
2 52191  97.3947 296.2757 0011168 176.4706 183.6610 15.21791916 18854
1 52191U 22033AL  22216.19756462  .00003544  00000+0  15899-3 0  9991
2 52191  97.3946 296.7928 0011211 174.6422 185.4937 15.21795354 18933
1 52191U 22033AL  22216.65784261  .00003648  00000+0  16353-3 0  9991
2 52191  97.3947 297.2452 0011262 173.0319 187.1075 15.21798774 19006
1 52191U 22033AL  22216.85510409  .00003926  00000+0  17574-3 0  9999
2 52191  97.3946 297.4391 0011274 172.3460 187.7950 15.21800834 19033
1 52191U 22033AL  22217.44688714  .00004446  00000+0  19860-3 0  9998
2 52191  97.3947 298.0207 0011331 170.3864 189.7591 15.21806756 19129
1 52191U 22033AL  22217.70990138  .00004430  00000+0  19785-3 0  9992
2 52191  97.3948 298.2793 0011354 169.5452 190.6022 15.21808838 19167
1 52191U 22033AL  22218.17017502  .00004489  00000+0  20044-3 0  9993
2 52191  97.3948 298.7316 0011399 168.0491 192.1018 15.21812826 19231
1 52191U 22033AL  22218.69620035  .00004839  00000+0  21577-3 0  9992
2 52191  97.3948 299.2486 0011449 166.3098 193.8451 15.21818452 19314
1 52191U 22033AL  22219.15647084  .00004844  00000+0  21596-3 0  9994
2 52191  97.3949 299.7009 0011484 164.8228 195.3355 15.21822940 19382
1 52191U 22033AL  22219.28797655  .00004797  00000+0  21391-3 0  9998
2 52191  97.3948 299.8301 0011492 164.4285 195.7307 15.21824091 19408
1 52191U 22033AL  22219.74824502  .00005704  00000+0  25367-3 0  9997
2 52191  97.3950 300.2825 0011526 162.8999 197.2627 15.21830977 19470
1 52191U 22033AL  22220.40576755  .00007732  00000+0  34259-3 0  9999
2 52191  97.3952 300.9287 0011582 160.6825 199.4852 15.21842634 19575
1 52191U 22033AL  22220.86603112  .00007261  00000+0  32186-3 0  9991
2 52191  97.3953 301.3810 0011622 159.1541 201.0172 15.21847939 19642
1 52191U 22033AL  22221.45779514  .00007471  00000+0  33098-3 0  9993
2 52191  97.3954 301.9627 0011667 157.1898 202.9858 15.21856984 19738
1 52191U 22033AL  22222.50981110  .00006823  00000+0  30243-3 0  9996
2 52191  97.3956 302.9970 0011735 153.9247 206.2583 15.21872332 19894
1 52191U 22033AL  22223.49606696  .00005899  00000+0  26180-3 0  9995
2 52191  97.3955 303.9666 0011807 150.6419 209.5482 15.21885047 20041
1 52191U 22033AL  22223.75906705  .00005809  00000+0  25783-3 0  9997
2 52191  97.3955 304.2252 0011824 149.7754 210.4167 15.21888693 20081
1 52191U 22033AL  22224.21931520  .00007070  00000+0  31298-3 0  9992
2 52191  97.3954 304.6777 0011855 148.3020 211.8932 15.21897388 20155
1 52191U 22033AL  22224.74531112  .00006169  00000+0  27347-3 0  9991
2 52191  97.3952 305.1949 0011906 146.6125 213.5864 15.21903377 20232
1 52191U 22033AL  22225.13980638  .00005793  00000+0  25699-3 0  9996
2 52191  97.3950 305.5828 0011923 145.3669 214.8346 15.21908132 20297
1 52191U 22033AL  22225.46855159  .00006163  00000+0  27313-3 0  9998
2 52191  97.3949 305.9060 0011948 144.3185 215.8853 15.21912956 20345
1 52191U 22033AL  22225.79729600  .00005985  00000+0  26533-3 0  9999
2 52191  97.3948 306.2292 0011946 143.2829 216.9227 15.21916609 20397
1 52191U 22033AL  22226.19178798  .00006083  00000+0  26956-3 0  9999
2 52191  97.3947 306.6171 0011970 142.0377 218.1705 15.21921881 20458
1 52191U 22033AL  22226.52053025  .00006326  00000+0  28017-3 0  9991
2 52191  97.3946 306.9402 0012000 141.0413 219.1690 15.21926254 20501
1 52191U 22033AL  22226.78352353  .00006180  00000+0  27376-3 0  9990
2 52191  97.3945 307.1988 0012019 140.2188 219.9932 15.21929305 20543
1 52191U 22033AL  22227.44100395  .00006574  00000+0  29092-3 0  9995
2 52191  97.3943 307.8452 0012057 138.2054 222.0105 15.21938251 20643
1 52191U 22033AL  22227.50675176  .00006637  00000+0  29364-3 0  9998
2 52191  97.3942 307.9098 0012065 138.0059 222.2105 15.21939235 20657
1 52191U 22033AL  22228.49296512  .00006551  00000+0  28976-3 0  9993
2 52191  97.3938 308.8792 0012112 134.9013 225.3209 15.21951733 20804
1 52191U 22033AL  22229.21618304  .00006196  00000+0  27417-3 0  9995
2 52191  97.3937 309.5901 0012152 132.6369 227.5893 15.21960438 20913
1 52191U 22033AL  22229.41342364  .00006804  00000+0  30074-3 0  9996
2 52191  97.3937 309.7841 0012150 131.9737 228.2536 15.21963777 20941
1 52191U 22033AL  22230.46536575  .00009194  00000+0  40495-3 0  9995
2 52191  97.3936 310.8181 0012194 128.6438 231.5892 15.21982955 21109
1 52191U 22033AL  22230.66260423  .00008107  00000+0  35749-3 0  9992
2 52191  97.3935 311.0120 0012215 128.0550 232.1790 15.21983116 21134
1 52191U 22033AL  22231.45155140  .00007755  00000+0  34199-3 0  9995
2 52191  97.3936 311.7875 0012233 125.7221 234.5156 15.21995371 21259
1 52191U 22033AL  22232.17474726  .00008370  00000+0  36867-3 0  9997
2 52191  97.3937 312.4984 0012260 123.5132 236.7278 15.22008305 21360
1 52191U 22033AL  22232.76644952  .00006826  00000+0  30121-3 0  9993
2 52191  97.3938 313.0800 0012302 121.6683 238.5755 15.22014953 21458
1 52191U 22033AL  22233.22666025  .00006330  00000+0  27953-3 0  9999
2 52191  97.3939 313.5324 0012323 120.2758 239.9699 15.22020687 21527
1 52191U 22033AL  22233.48963711  .00005799  00000+0  25634-3 0  9991
2 52191  97.3939 313.7908 0012347 119.4508 240.7961 15.22023198 21562
1 52191U 22033AL  22233.75261356  .00005452  00000+0  24116-3 0  9997
2 52191  97.3939 314.0493 0012357 118.6767 241.5713 15.22025966 21608
1 52191U 22033AL  22234.21282093  .00004702  00000+0  20840-3 0  9997
2 52191  97.3939 314.5016 0012358 117.2409 243.0088 15.22030186 21672
1 52191U 22033AL  22235.19897602  .00003620  00000+0  16112-3 0  9998
2 52191  97.3940 315.4710 0012379 114.2135 246.0396 15.22037392 21829
1 52191U 22033AL  22235.46194972  .00003250  00000+0  14498-3 0  9992
2 52191  97.3940 315.7295 0012394 113.4242 246.8299 15.22038881 21865
1 52191U 22033AL  22236.51384242  .00003595  00000+0  15997-3 0  9997
2 52191  97.3941 316.7637 0012422 110.1929 250.0645 15.22047217 22029
1 52191U 22033AL  22237.49998659  .00003733  00000+0  16598-3 0  9990
2 52191  97.3942 317.7334 0012411 107.1828 253.0768 15.22054663 22175
1 52191U 22033AL  22238.15741360  .00003378  00000+0  15048-3 0  9993
2 52191  97.3941 318.3797 0012402 105.1610 255.0999 15.22058607 22272
1 52191U 22033AL  22238.48612617  .00003505  00000+0  15600-3 0  9997
2 52191  97.3941 318.7029 0012411 104.2356 256.0260 15.22061327 22322
1 52191U 22033AL  22238.68335355  .00003477  00000+0  15478-3 0  9991
2 52191  97.3941 318.8968 0012411 103.6403 256.6216 15.22062779 22353
1 52191U 22033AL  22239.47226083  .00004308  00000+0  19096-3 0  9990
2 52191  97.3941 319.6724 0012420 101.1877 259.0756 15.22070501 22471
1 52191U 22033AL  22239.66948718  .00004408  00000+0  19533-3 0  9994
2 52191  97.3940 319.8663 0012423 100.5812 259.6824 15.22072263 22502
1 52191U 22033AL  22240.45838986  .00005204  00000+0  22997-3 0  9991
2 52191  97.3938 320.6420 0012437  98.1199 262.1449 15.22080429 22623
1 52191U 22033AL  22240.78709809  .00005551  00000+0  24507-3 0  9992
2 52191  97.3937 320.9652 0012443  97.1198 263.1454 15.22084153 22677
1 52191U 22033AL  22241.44451228  .00005681  00000+0  25067-3 0  9991
2 52191  97.3935 321.6116 0012443  95.1386 265.1271 15.22090624 22775
1 52191U 22033AL  22241.70747726  .00005594  00000+0  24687-3 0  9991
2 52191  97.3934 321.8701 0012433  94.3395 265.9262 15.22093020 22812
1 52191U 22033AL  22242.16766458  .00004917  00000+0  21738-3 0  9997
2 52191  97.3931 322.3227 0012396  92.9742 267.2913 15.22096084 22884
1 52191U 22033AL  22242.49636859  .00005493  00000+0  24240-3 0  9995
2 52191  97.3930 322.6458 0012390  91.9543 268.3112 15.22100984 22938
1 52191U 22033AL  22242.75933146  .00005415  00000+0  23902-3 0  9991
2 52191  97.3929 322.9044 0012383  91.2441 269.0214 15.22103658 22978
1 52191U 22033AL  22243.21951504  .00005295  00000+0  23376-3 0  9992
2 52191  97.3928 323.3568 0012374  89.8518 270.4136 15.22108697 23047
1 52191U 22033AL  22243.67969736  .00004946  00000+0  21851-3 0  9996
2 52191  97.3927 323.8092 0012360  88.4046 271.8606 15.22112999 23114
1 52191U 22033AL  22244.46857845  .00006547  00000+0  28815-3 0  9997
2 52191  97.3925 324.5847 0012341  85.8919 274.3727 15.22123514 23237
1 52191U 22033AL  22245.45467334  .00006046  00000+0  26627-3 0  9990
2 52191  97.3924 325.5540 0012326  82.8739 277.3898 15.22132506 23386
1 52191U 22033AL  22245.65189158  .00006322  00000+0  27826-3 0  9996
2 52191  97.3923 325.7478 0012317  82.2545 278.0089 15.22135024 23418
1 52191U 22033AL  22246.50650041  .00006783  00000+0  29823-3 0  9995
2 52191  97.3923 326.5878 0012297  79.6456 280.6166 15.22144762 23547
1 52191U 22033AL  22246.76945566  .00007101  00000+0  31202-3 0  9991
2 52191  97.3923 326.8463 0012282  78.8570 281.4047 15.22148583 23588
1 52191U 22033AL  22247.49257814  .00008573  00000+0  37587-3 0  9990
2 52191  97.3923 327.5569 0012248  76.6351 283.6250 15.22161656 23696
1 52191U 22033AL  22247.75552982  .00009150  00000+0  40086-3 0  9993
2 52191  97.3923 327.8154 0012232  75.8270 284.4324 15.22167534 23730
1 52191U 22033AL  22248.14995624  .00009488  00000+0  41545-3 0  9996
2 52191  97.3924 328.2031 0012234  74.6118 285.6469 15.22174951 23790
1 52191U 22033AL  22248.47864300  .00009276  00000+0  40614-3 0  9999
2 52191  97.3925 328.5262 0012225  73.6416 286.6164 15.22181225 23841
1 52191U 22033AL  22248.74159148  .00008831  00000+0  38679-3 0  9990
2 52191  97.3926 328.7846 0012209  72.8145 287.4427 15.22185983 23884
1 52191U 22033AL  22249.46469540  .00008036  00000+0  35214-3 0  9999
2 52191  97.3927 329.4954 0012161  70.4952 289.7596 15.22198545 23992
1 52191U 22033AL  22249.72764086  .00007763  00000+0  34026-3 0  9997
2 52191  97.3928 329.7540 0012141  69.6408 290.6131 15.22203027 24035
1 52191U 22033AL  22249.79337717  .00007692  00000+0  33717-3 0  9998
2 52191  97.3928 329.8186 0012138  69.4339 290.8199 15.22203899 24043
1 52191U 22033AL  22250.18779376  .00008047  00000+0  35250-3 0  9993
2 52191  97.3929 330.2064 0012107  68.1540 292.0983 15.22210935 24102
1 52191U 22033AL  22251.04235770  .00008074  00000+0  35354-3 0  9999
2 52191  97.3930 331.0465 0012061  65.4959 294.7534 15.22224406 24234
1 52191U 22033AL  22251.17382836  .00007916  00000+0  34668-3 0  9990
2 52191  97.3930 331.1758 0012052  65.0759 295.1729 15.22226445 24252
1 52191U 22033AL  22252.15985148  .00008797  00000+0  38467-3 0  9993
2 52191  97.3930 332.1453 0012006  62.0019 298.2431 15.22245007 24406
1 52191U 22033AL  22252.48852338  .00008259  00000+0  36132-3 0  9993
2 52191  97.3930 332.4685 0011997  61.0051 299.2386 15.22249967 24453
1 52191U 22033AL  22253.21159707  .00007319  00000+0  32047-3 0  9992
2 52191  97.3929 333.1796 0011933  58.6214 301.6188 15.22261413 24565
1 52191U 22033AL  22253.73746520  .00007288  00000+0  31905-3 0  9991
2 52191  97.3928 333.6967 0011902  56.9628 303.2750 15.22270452 24640
1 52191U 22033AL  22254.19759694  .00008399  00000+0  36707-3 0  9997
2 52191  97.3926 334.1492 0011862  55.4231 304.8122 15.22280082 24714
1 52191U 22033AL  22254.78919166  .00008078  00000+0  35308-3 0  9994
2 52191  97.3923 334.7309 0011819  53.5302 306.7021 15.22289791 24809
1 52191U 22033AL  22255.18358525  .00009625  00000+0  41990-3 0  9998
2 52191  97.3917 335.1184 0011787  52.1706 308.0595 15.22299585 24864
1 52191U 22033AL  22256.16955980  .00010235  00000+0  44600-3 0  9995
2 52191  97.3912 336.0878 0011723  49.0218 311.2031 15.22320857 25018
1 52191U 22033AL  22256.49821493  .00010438  00000+0  45470-3 0  9993
2 52191  97.3911 336.4109 0011709  47.9955 312.2276 15.22328174 25064
1 52191U 22033AL  22257.15552079  .00009399  00000+0  40964-3 0  9995
2 52191  97.3907 337.0570 0011654  45.9251 314.2943 15.22340688 25162
1 52191U 22033AL  22258.20719829  .00011911  00000+0  51778-3 0  9998
2 52191  97.3902 338.0909 0011584  42.5082 317.7049 15.22365752 25323
1 52191U 22033AL  22259.19313353  .00008672  00000+0  37782-3 0  9998
2 52191  97.3905 339.0607 0011474  39.2936 320.9131 15.22380447 25473
1 52191U 22033AL  22259.65323307  .00009494  00000+0  41318-3 0  9992
2 52191  97.3905 339.5130 0011436  37.7355 322.4682 15.22389162 25544
1 52191U 22033AL  22260.50769700  .00008198  00000+0  35714-3 0  9992
2 52191  97.3905 340.3531 0011364  34.8758 325.3220 15.22401579 25675
1 52191U 22033AL  22260.77060752  .00008174  00000+0  35605-3 0  9995
2 52191  97.3906 340.6116 0011333  34.0468 326.1493 15.22405928 25712
1 52191U 22033AL  22261.23069849  .00008103  00000+0  35294-3 0  9999
2 52191  97.3907 341.0641 0011279  32.3058 327.8867 15.22413978 25780
1 52191U 22033AL  22261.75651413  .00008611  00000+0  37473-3 0  9995
2 52191  97.3907 341.5810 0011240  30.6107 329.5783 15.22423774 25867
1 52191U 22033AL  22262.21660011  .00008304  00000+0  36142-3 0  9992
2 52191  97.3907 342.0333 0011202  29.0466 331.1391 15.22431409 25937
1 52191U 22033AL  22264.45127113  .00007547  00000+0  32844-3 0  9994
2 52191  97.3912 344.2304 0010998  21.4801 338.6894 15.22467017 26277
1 52191U 22033AL  22265.50286375  .00007581  00000+0  32978-3 0  9993
2 52191  97.3914 345.2645 0010902  17.9864 342.1756 15.22482840 26438
1 52191U 22033AL  22265.76576036  .00007580  00000+0  32972-3 0  9990
2 52191  97.3915 345.5230 0010888  16.9774 343.1825 15.22486792 26476
1 52191U 22033AL  22266.22582721  .00008036  00000+0  34928-3 0  9990
2 52191  97.3916 345.9758 0010796  15.4405 344.7159 15.22494632 26546
1 52191U 22033AL  22266.75161583  .00008302  00000+0  36061-3 0  9993
2 52191  97.3918 346.4930 0010781  13.4585 346.6937 15.22502677 26620
1 52191U 22033AL  22267.21167819  .00008377  00000+0  36379-3 0  9997
2 52191  97.3917 346.9455 0010742  11.8607 348.2880 15.22510074 26692
1 52191U 22033AL  22267.73746050  .00009551  00000+0  41414-3 0  9995
2 52191  97.3917 347.4627 0010690  10.0383 350.1065 15.22521049 26773
1 52191U 22033AL  22268.19751716  .00009233  00000+0  40040-3 0  9992
2 52191  97.3915 347.9151 0010650   8.4011 351.7401 15.22528952 26842
1 52191U 22033AL  22268.72329352  .00008867  00000+0  38456-3 0  9998
2 52191  97.3916 348.4322 0010616   6.4883 353.6489 15.22537871 26922
1 52191U 22033AL  22268.98618056  .00008860  00000+0  38420-3 0  9992
2 52191  97.3915 348.6907 0010588   5.5453 354.5898 15.22542042 26967
1 52191U 22033AL  22270.16916282  .00010325  00000+0  44690-3 0  9992
2 52191  97.3911 349.8543 0010486   1.3971 358.7293 15.22564162 27141
1 52191U 22033AL  22271.48356522  .00009670  00000+0  41845-3 0  9993
2 52191  97.3906 351.1471 0010336 356.8843   3.2327 15.22589940 27344
1 52191U 22033AL  22271.68072354  .00009353  00000+0  40481-3 0  9996
2 52191  97.3903 351.3408 0010318 356.1801   3.9355 15.22593934 27379
1 52191U 22033AL  22272.46935250  .00008685  00000+0  37601-3 0  9993
2 52191  97.3900 352.1164 0010236 353.2874   6.8224 15.22608033 27498
1 52191U 22033AL  22273.19225604  .00009479  00000+0  40990-3 0  9996
2 52191  97.3898 352.8272 0010184 350.5601   9.5442 15.22621988 27600
1 52191U 22033AL  22273.45512828  .00010523  00000+0  45457-3 0  9997
2 52191  97.3898 353.0857 0010154 349.5349  10.5674 15.22628380 27642
1 52191U 22033AL  22274.17802112  .00010918  00000+0  47129-3 0  9991
2 52191  97.3895 353.7965 0010098 346.8193  13.2778 15.22644578 27754
1 52191U 22033AL  22274.76947366  .00011957  00000+0  51555-3 0  9999
2 52191  97.3896 354.3781 0010049 344.6602  15.4329 15.22659136 27847
1 52191U 22033AL  22275.49235171  .00011737  00000+0  50591-3 0  9999
2 52191  97.3896 355.0888 0009974 342.0784  18.0099 15.22675874 27953
1 52191U 22033AL  22275.75521471  .00012604  00000+0  54287-3 0  9999
2 52191  97.3895 355.3473 0009945 341.1394  18.9472 15.22683331 27995
1 52191U 22033AL  22276.21522128  .00015652  00000+0  67285-3 0  9999
2 52191  97.3894 355.7995 0009896 339.4842  20.5996 15.22699254 28060
1 52191U 22033AL  22277.20093609  .00015911  00000+0  68332-3 0  9998
2 52191  97.3894 356.7687 0009849 335.6349  24.4421 15.22728550 28212
1 52191U 22033AL  22278.18663042  .00016750  00000+0  71848-3 0  9998
2 52191  97.3896 357.7381 0009797 331.7052  28.3652 15.22760602 28365
1 52191U 22033AL  22279.17230446  .00018747  00000+0  80275-3 0  9998
2 52191  97.3899 358.7075 0009743 328.0007  32.0637 15.22794533 28511
1 52191U 22033AL  22280.22366509  .00019756  00000+0  84473-3 0  9991
2 52191  97.3899 359.7414 0009661 323.8415  36.2167 15.22833151 28675
1 52191U 22033AL  22280.48650142  .00017982  00000+0  76919-3 0  9993
2 52191  97.3903   0.0003 0009700 322.7772  37.2791 15.22839739 28716
1 52191U 22033AL  22280.74933583  .00017636  00000+0  75426-3 0  9993
2 52191  97.3903   0.2589 0009678 321.7831  38.2719 15.22849437 28757
1 52191U 22033AL  22281.20929233  .00016197  00000+0  69280-3 0  9994
2 52191  97.3902   0.7113 0009637 320.1103  39.9425 15.22864370 28827
1 52191U 22033AL  22282.19489806  .00017894  00000+0  76411-3 0  9999
2 52191  97.3903   1.6814 0009585 316.1343  43.9132 15.22899467 28970
1 52191U 22033AL  22283.18047941  .00018890  00000+0  80547-3 0  9991
2 52191  97.3901   2.6512 0009569 312.2315  47.8109 15.22937840 29125
1 52191U 22033AL  22283.50900117  .00018729  00000+0  79839-3 0  9993
2 52191  97.3899   2.9744 0009546 311.0132  49.0279 15.22949881 29175
1 52191U 22033AL  22284.16603630  .00017398  00000+0  74147-3 0  9994
2 52191  97.3898   3.6210 0009492 308.5818  51.4568 15.22974376 29278
1 52191U 22033AL  22285.21727375  .00016996  00000+0  72373-3 0  9996
2 52191  97.3893   4.6553 0009400 304.6906  55.3444 15.23008917 29432
1 52191U 22033AL  22285.48007961  .00016624  00000+0  70783-3 0  9998
2 52191  97.3892   4.9139 0009393 303.6011  56.4328 15.23016015 29476
1 52191U 22033AL  22286.46559079  .00013616  00000+0  58012-3 0  9998
2 52191  97.3885   5.8836 0009106 300.1385  59.8949 15.23040894 29625
1 52191U 22033AL  22287.18828818  .00013500  00000+0  57486-3 0  9994
2 52191  97.3886   6.5946 0009314 296.6637  63.3645 15.23060939 29733
1 52191U 22033AL  22288.17376681  .00017241  00000+0  73222-3 0  9992
2 52191  97.3884   7.5641 0009301 292.7187  67.3066 15.23095783 29889
1 52191U 22033AL  22288.69934655  .00014309  00000+0  60816-3 0  9997
2 52191  97.3881   8.0810 0009298 290.5671  69.4568 15.23110475 29964
1 52191U 22033AL  22289.48770628  .00012506  00000+0  53171-3 0  9996
2 52191  97.3880   8.8566 0009294 287.4007  72.6213 15.23132132 30085
1 52191U 22033AL  22289.75049051  .00011871  00000+0  50479-3 0  9997
2 52191  97.3879   9.1151 0009261 286.3427  73.6791 15.23139255 30125
1 52191U 22033AL  22290.21035939  .00012172  00000+0  51728-3 0  9993
2 52191  97.3880   9.5676 0009273 284.4116  75.6091 15.23152787 30197
1 52191U 22033AL  22290.80161513  .00011398  00000+0  48444-3 0  9996
2 52191  97.3881  10.1494 0009287 282.0004  78.0191 15.23166528 30285
1 52191U 22033AL  22291.45855981  .00010340  00000+0  43962-3 0  9993
2 52191  97.3881  10.7958 0009317 279.3381  80.6802 15.23180120 30380
1 52191U 22033AL  22292.18119254  .00010752  00000+0  45680-3 0  9996
2 52191  97.3883  11.5068 0009332 276.4560  83.5615 15.23195985 30498
1 52191U 22033AL  22293.49505153  .00009961  00000+0  42310-3 0  9995
2 52191  97.3889  12.7999 0009303 271.1932  88.8239 15.23222560 30695
1 52191U 22033AL  22294.48043085  .00008971  00000+0  38119-3 0  9998
2 52191  97.3890  13.7696 0009291 267.1319  92.8855 15.23241282 30840
1 52191U 22033AL  22294.67750520  .00008829  00000+0  37519-3 0  9993
2 52191  97.3890  13.9636 0009314 266.3955  93.6217 15.23245084 30877
1 52191U 22033AL  22295.46579810  .00010287  00000+0  43632-3 0  9996
2 52191  97.3891  14.7395 0009328 263.2160  96.8016 15.23262120 30993
1 52191U 22033AL  22295.72856048  .00010654  00000+0  45170-3 0  9993
2 52191  97.3891  14.9982 0009332 262.1354  97.8824 15.23268073 31032
1 52191U 22033AL  22296.18839103  .00012784  00000+0  54104-3 0  9990
2 52191  97.3892  15.4508 0009356 260.3870  99.6310 15.23281926 31102
1 52191U 22033AL  22296.77959728  .00012231  00000+0  51758-3 0  9990
2 52191  97.3890  16.0326 0009394 258.0366 101.9818 15.23295669 31199
1 52191U 22033AL  22297.17373114  .00012699  00000+0  53706-3 0  9997
2 52191  97.3890  16.4205 0009395 256.4746 103.5445 15.23306928 31256
1 52191U 22033AL  22298.22474532  .00008714  00000+0  36946-3 0  9990
2 52191  97.3890  17.4551 0009394 252.1337 107.8876 15.23325585 31412
1 52191U 22033AL  22298.48749693  .00007975  00000+0  33835-3 0  9993
2 52191  97.3889  17.7138 0009401 251.0203 109.0016 15.23328928 31451
1 52191U 22033AL  22298.75024781  .00007520  00000+0  31921-3 0  9997
2 52191  97.3888  17.9724 0009407 249.9229 110.0995 15.23333411 31498
1 52191U 22033AL  22299.47280860  .00007234  00000+0  30708-3 0  9993
2 52191  97.3885  18.6836 0009443 247.0483 112.9757 15.23344808 31600
1 52191U 22033AL  22299.73555671  .00007718  00000+0  32736-3 0  9997
2 52191  97.3884  18.9422 0009467 246.0683 113.9563 15.23349829 31648
1 52191U 22033AL  22300.19536378  .00008924  00000+0  37789-3 0  9996
2 52191  97.3882  19.3948 0009493 244.3712 115.6544 15.23359295 31711
1 52191U 22033AL  22300.78654042  .00010494  00000+0  44357-3 0  9994
2 52191  97.3879  19.9766 0009518 242.0043 118.0231 15.23372370 31800
1 52191U 22033AL  22301.50908204  .00012107  00000+0  51091-3 0  9993
2 52191  97.3877  20.6878 0009554 239.2385 120.7912 15.23390192 31918
1 52191U 22033AL  22301.77182257  .00012019  00000+0  50713-3 0  9996
2 52191  97.3876  20.9463 0009569 238.1798 121.8508 15.23396164 31954
1 52191U 22033AL  22302.16592983  .00014252  00000+0  60038-3 0  9993
2 52191  97.3875  21.3341 0009585 236.6741 123.3578 15.23410402 32016
1 52191U 22033AL  22303.21686736  .00013810  00000+0  58131-3 0  9990
2 52191  97.3872  22.3684 0009605 232.3380 127.6986 15.23443189 32174
1 52191U 22033AL  22303.67664579  .00013885  00000+0  58422-3 0  9996
2 52191  97.3871  22.8209 0009629 230.7063 129.3321 15.23456793 32242
1 52191U 22033AL  22304.46482753  .00013716  00000+0  57676-3 0  9999
2 52191  97.3867  23.5964 0009688 227.8680 132.1735 15.23479299 32360
1 52191U 22033AL  22305.45003829  .00015697  00000+0  65888-3 0  9996
2 52191  97.3869  24.5660 0009747 224.2360 135.8098 15.23510257 32517
1 52191U 22033AL  22306.17251429  .00014048  00000+0  58973-3 0  9993
2 52191  97.3871  25.2772 0009779 221.4564 138.5932 15.23530420 32625
1 52191U 22033AL  22306.50090897  .00015224  00000+0  63856-3 0  9993
2 52191  97.3872  25.6004 0009785 220.1487 139.9028 15.23541172 32677
1 52191U 22033AL  22307.22336928  .00015988  00000+0  66990-3 0  9990
2 52191  97.3875  26.3117 0009817 217.3147 142.7409 15.23565296 32780
1 52191U 22033AL  22308.47122461  .00017897  00000+0  74827-3 0  9992
2 52191  97.3876  27.5403 0009890 212.5271 147.5358 15.23613549 32970
